timeStamp,elapsed,label,responseCode,responseMessage,threadName,dataType,success,failureMessage,bytes,sentBytes,grpThreads,allThreads,URL,Latency,IdleTime,Connect
1679635008472,44,HTTP Request,200,OK,Thread Group 1-1,text,true,,425156,119,1,1,http://localhost:3000/,36,0,1
1679635008516,28,HTTP Request,200,OK,Thread Group 1-1,text,true,,425156,119,1,1,http://localhost:3000/,24,0,0
1679635008545,29,HTTP Request,200,OK,Thread Group 1-1,text,true,,425156,119,1,1,http://localhost:3000/,25,0,0
1679635008574,55,HTTP Request,200,OK,Thread Group 1-1,text,true,,425156,119,1,1,http://localhost:3000/,49,0,0
1679635008629,92,HTTP Request,200,OK,Thread Group 1-1,text,true,,425156,119,1,1,http://localhost:3000/,88,0,0
1679635008721,25,HTTP Request,200,OK,Thread Group 1-1,text,true,,425156,119,1,1,http://localhost:3000/,21,0,0
1679635008746,23,HTTP Request,200,OK,Thread Group 1-1,text,true,,425156,119,1,1,http://localhost:3000/,19,0,0
1679635008770,59,HTTP Request,200,OK,Thread Group 1-1,text,true,,425156,119,1,1,http://localhost:3000/,53,0,0
1679635008829,94,HTTP Request,200,OK,Thread Group 1-1,text,true,,425156,119,1,1,http://localhost:3000/,90,0,0
1679635008923,23,HTTP Request,200,OK,Thread Group 1-1,text,true,,425156,119,1,1,http://localhost:3000/,19,0,0
1679635008946,25,HTTP Request,200,OK,Thread Group 1-1,text,true,,425156,119,1,1,http://localhost:3000/,20,0,0
1679635008971,45,HTTP Request,200,OK,Thread Group 1-1,text,true,,425156,119,1,1,http://localhost:3000/,41,0,0
1679635009017,24,HTTP Request,200,OK,Thread Group 1-1,text,true,,425156,119,1,1,http://localhost:3000/,19,0,0
1679635009041,79,HTTP Request,200,OK,Thread Group 1-1,text,true,,425156,119,1,1,http://localhost:3000/,75,0,0
1679635009121,23,HTTP Request,200,OK,Thread Group 1-1,text,true,,425156,119,1,1,http://localhost:3000/,18,0,0
1679635009144,77,HTTP Request,200,OK,Thread Group 1-1,text,true,,425156,119,1,1,http://localhost:3000/,71,0,0
1679635009221,26,HTTP Request,200,OK,Thread Group 1-1,text,true,,425156,119,1,1,http://localhost:3000/,20,0,0
1679635009248,77,HTTP Request,200,OK,Thread Group 1-1,text,true,,425156,119,1,1,http://localhost:3000/,72,0,0
1679635009325,24,HTTP Request,200,OK,Thread Group 1-1,text,true,,425156,119,1,1,http://localhost:3000/,19,0,0
1679635009349,76,HTTP Request,200,OK,Thread Group 1-1,text,true,,425156,119,1,1,http://localhost:3000/,69,0,0
1679635009426,26,HTTP Request,200,OK,Thread Group 1-1,text,true,,425156,119,1,1,http://localhost:3000/,20,0,0
1679635009452,70,HTTP Request,200,OK,Thread Group 1-1,text,true,,425156,119,1,1,http://localhost:3000/,65,0,0
1679635009522,25,HTTP Request,200,OK,Thread Group 1-1,text,true,,425156,119,1,1,http://localhost:3000/,20,0,0
1679635009547,78,HTTP Request,200,OK,Thread Group 1-1,text,true,,425156,119,1,1,http://localhost:3000/,72,0,0
1679635009625,24,HTTP Request,200,OK,Thread Group 1-1,text,true,,425156,119,1,1,http://localhost:3000/,20,0,0
1679635009650,75,HTTP Request,200,OK,Thread Group 1-1,text,true,,425156,119,1,1,http://localhost:3000/,71,0,0
1679635009725,25,HTTP Request,200,OK,Thread Group 1-1,text,true,,425156,119,1,1,http://localhost:3000/,18,0,0
1679635009750,82,HTTP Request,200,OK,Thread Group 1-1,text,true,,425156,119,1,1,http://localhost:3000/,77,0,0
1679635009833,24,HTTP Request,200,OK,Thread Group 1-1,text,true,,425156,119,1,1,http://localhost:3000/,18,0,0
1679635009857,24,HTTP Request,200,OK,Thread Group 1-1,text,true,,425156,119,1,1,http://localhost:3000/,19,0,0
1679635009882,48,HTTP Request,200,OK,Thread Group 1-1,text,true,,425156,119,1,1,http://localhost:3000/,44,0,0
1679635009931,101,HTTP Request,200,OK,Thread Group 1-1,text,true,,425156,119,1,1,http://localhost:3000/,97,0,0
1679635010033,22,HTTP Request,200,OK,Thread Group 1-1,text,true,,425156,119,1,1,http://localhost:3000/,18,0,0
1679635010056,62,HTTP Request,200,OK,Thread Group 1-1,text,true,,425156,119,1,1,http://localhost:3000/,57,0,0
1679635010118,26,HTTP Request,200,OK,Thread Group 1-1,text,true,,425156,119,1,1,http://localhost:3000/,22,0,0
1679635010144,88,HTTP Request,200,OK,Thread Group 1-1,text,true,,425156,119,1,1,http://localhost:3000/,84,0,0
1679635010232,24,HTTP Request,200,OK,Thread Group 1-1,text,true,,425156,119,1,1,http://localhost:3000/,19,0,0
1679635010256,23,HTTP Request,200,OK,Thread Group 1-1,text,true,,425156,119,1,1,http://localhost:3000/,19,0,0
1679635010279,52,HTTP Request,200,OK,Thread Group 1-1,text,true,,425156,119,1,1,http://localhost:3000/,47,0,0
1679635010331,102,HTTP Request,200,OK,Thread Group 1-1,text,true,,425156,119,1,1,http://localhost:3000/,97,0,0
1679635010434,23,HTTP Request,200,OK,Thread Group 1-1,text,true,,425156,119,1,1,http://localhost:3000/,18,0,0
1679635010457,24,HTTP Request,200,OK,Thread Group 1-1,text,true,,425156,119,1,1,http://localhost:3000/,19,0,0
1679635010481,51,HTTP Request,200,OK,Thread Group 1-1,text,true,,425156,119,1,1,http://localhost:3000/,46,0,0
1679635010532,99,HTTP Request,200,OK,Thread Group 1-1,text,true,,425156,119,1,1,http://localhost:3000/,94,0,0
1679635010631,23,HTTP Request,200,OK,Thread Group 1-1,text,true,,425156,119,1,1,http://localhost:3000/,19,0,0
1679635010655,60,HTTP Request,200,OK,Thread Group 1-1,text,true,,425156,119,1,1,http://localhost:3000/,55,0,0
1679635010715,28,HTTP Request,200,OK,Thread Group 1-1,text,true,,425156,119,1,1,http://localhost:3000/,24,0,0
1679635010744,88,HTTP Request,200,OK,Thread Group 1-1,text,true,,425156,119,1,1,http://localhost:3000/,84,0,0
1679635010833,22,HTTP Request,200,OK,Thread Group 1-1,text,true,,425156,119,1,1,http://localhost:3000/,18,0,0
1679635010856,71,HTTP Request,200,OK,Thread Group 1-1,text,true,,425156,119,1,1,http://localhost:3000/,66,0,0
1679635010927,26,HTTP Request,200,OK,Thread Group 1-1,text,true,,425156,119,1,1,http://localhost:3000/,21,0,0
1679635010953,79,HTTP Request,200,OK,Thread Group 1-1,text,true,,425156,119,1,1,http://localhost:3000/,75,0,0
1679635011032,24,HTTP Request,200,OK,Thread Group 1-1,text,true,,425156,119,1,1,http://localhost:3000/,19,0,0
1679635011056,65,HTTP Request,200,OK,Thread Group 1-1,text,true,,425156,119,1,1,http://localhost:3000/,60,0,0
1679635011122,27,HTTP Request,200,OK,Thread Group 1-1,text,true,,425156,119,1,1,http://localhost:3000/,23,0,0
1679635011149,82,HTTP Request,200,OK,Thread Group 1-1,text,true,,425156,119,1,1,http://localhost:3000/,77,0,0
1679635011232,23,HTTP Request,200,OK,Thread Group 1-1,text,true,,425156,119,1,1,http://localhost:3000/,19,0,0
1679635011255,23,HTTP Request,200,OK,Thread Group 1-1,text,true,,425156,119,1,1,http://localhost:3000/,19,0,0
1679635011279,46,HTTP Request,200,OK,Thread Group 1-1,text,true,,425156,119,1,1,http://localhost:3000/,41,0,0
1679635011325,25,HTTP Request,200,OK,Thread Group 1-1,text,true,,425156,119,1,1,http://localhost:3000/,20,0,0
1679635011350,77,HTTP Request,200,OK,Thread Group 1-1,text,true,,425156,119,1,1,http://localhost:3000/,73,0,0
1679635011427,23,HTTP Request,200,OK,Thread Group 1-1,text,true,,425156,119,1,1,http://localhost:3000/,19,0,0
1679635011451,66,HTTP Request,200,OK,Thread Group 1-1,text,true,,425156,119,1,1,http://localhost:3000/,60,0,0
1679635011517,25,HTTP Request,200,OK,Thread Group 1-1,text,true,,425156,119,1,1,http://localhost:3000/,20,0,0
1679635011543,76,HTTP Request,200,OK,Thread Group 1-1,text,true,,425156,119,1,1,http://localhost:3000/,73,0,0
1679635011620,23,HTTP Request,200,OK,Thread Group 1-1,text,true,,425156,119,1,1,http://localhost:3000/,19,0,0
1679635011643,75,HTTP Request,200,OK,Thread Group 1-1,text,true,,425156,119,1,1,http://localhost:3000/,69,0,0
1679635011718,24,HTTP Request,200,OK,Thread Group 1-1,text,true,,425156,119,1,1,http://localhost:3000/,20,0,0
1679635011742,81,HTTP Request,200,OK,Thread Group 1-1,text,true,,425156,119,1,1,http://localhost:3000/,76,0,0
1679635011823,24,HTTP Request,200,OK,Thread Group 1-1,text,true,,425156,119,1,1,http://localhost:3000/,19,0,0
1679635011847,25,HTTP Request,200,OK,Thread Group 1-1,text,true,,425156,119,1,1,http://localhost:3000/,21,0,0
1679635011872,62,HTTP Request,200,OK,Thread Group 1-1,text,true,,425156,119,1,1,http://localhost:3000/,56,0,0
1679635011935,84,HTTP Request,200,OK,Thread Group 1-1,text,true,,425156,119,1,1,http://localhost:3000/,78,0,0
1679635012019,25,HTTP Request,200,OK,Thread Group 1-1,text,true,,425156,119,1,1,http://localhost:3000/,20,0,0
1679635012044,72,HTTP Request,200,OK,Thread Group 1-1,text,true,,425156,119,1,1,http://localhost:3000/,66,0,0
1679635012116,103,HTTP Request,200,OK,Thread Group 1-1,text,true,,425156,119,1,1,http://localhost:3000/,95,0,0
1679635012219,24,HTTP Request,200,OK,Thread Group 1-1,text,true,,425156,119,1,1,http://localhost:3000/,20,0,0
1679635012244,25,HTTP Request,200,OK,Thread Group 1-1,text,true,,425156,119,1,1,http://localhost:3000/,20,0,0
1679635012269,51,HTTP Request,200,OK,Thread Group 1-1,text,true,,425156,119,1,1,http://localhost:3000/,45,0,0
1679635012320,98,HTTP Request,200,OK,Thread Group 1-1,text,true,,425156,119,1,1,http://localhost:3000/,94,0,0
1679635012418,25,HTTP Request,200,OK,Thread Group 1-1,text,true,,425156,119,1,1,http://localhost:3000/,20,0,0
1679635012443,24,HTTP Request,200,OK,Thread Group 1-1,text,true,,425156,119,1,1,http://localhost:3000/,20,0,0
1679635012467,53,HTTP Request,200,OK,Thread Group 1-1,text,true,,425156,119,1,1,http://localhost:3000/,47,0,0
1679635012520,26,HTTP Request,200,OK,Thread Group 1-1,text,true,,425156,119,1,1,http://localhost:3000/,21,0,0
1679635012546,78,HTTP Request,200,OK,Thread Group 1-1,text,true,,425156,119,1,1,http://localhost:3000/,73,0,0
1679635012624,24,HTTP Request,200,OK,Thread Group 1-1,text,true,,425156,119,1,1,http://localhost:3000/,19,0,0
1679635012648,72,HTTP Request,200,OK,Thread Group 1-1,text,true,,425156,119,1,1,http://localhost:3000/,67,0,0
1679635012720,24,HTTP Request,200,OK,Thread Group 1-1,text,true,,425156,119,1,1,http://localhost:3000/,20,0,0
1679635012744,80,HTTP Request,200,OK,Thread Group 1-1,text,true,,425156,119,1,1,http://localhost:3000/,75,0,0
1679635012824,25,HTTP Request,200,OK,Thread Group 1-1,text,true,,425156,119,1,1,http://localhost:3000/,21,0,0
1679635012849,74,HTTP Request,200,OK,Thread Group 1-1,text,true,,425156,119,1,1,http://localhost:3000/,70,0,0
1679635012923,25,HTTP Request,200,OK,Thread Group 1-1,text,true,,425156,119,1,1,http://localhost:3000/,20,0,0
1679635012948,68,HTTP Request,200,OK,Thread Group 1-1,text,true,,425156,119,1,1,http://localhost:3000/,63,0,0
1679635013016,27,HTTP Request,200,OK,Thread Group 1-1,text,true,,425156,119,1,1,http://localhost:3000/,22,0,0
1679635013043,80,HTTP Request,200,OK,Thread Group 1-1,text,true,,425156,119,1,1,http://localhost:3000/,74,0,0
1679635013124,91,HTTP Request,200,OK,Thread Group 1-1,text,true,,425156,119,1,1,http://localhost:3000/,86,0,0
1679635013215,24,HTTP Request,200,OK,Thread Group 1-1,text,true,,425156,119,1,1,http://localhost:3000/,19,0,0
1679635013239,27,HTTP Request,200,OK,Thread Group 1-1,text,true,,425156,119,1,1,http://localhost:3000/,21,0,0
1679635013267,65,HTTP Request,200,OK,Thread Group 1-1,text,true,,425156,119,1,1,http://localhost:3000/,61,0,0
1679635013333,24,HTTP Request,200,OK,Thread Group 1-1,text,true,,425156,119,1,1,http://localhost:3000/,20,0,0
