timeStamp,elapsed,label,responseCode,responseMessage,threadName,dataType,success,failureMessage,bytes,sentBytes,grpThreads,allThreads,URL,Latency,IdleTime,Connect
1679640492525,19,HTTP Request,200,OK,Thread Group 1-1,text,true,,112467,133,1,1,http://localhost:3000/?category=Java,19,0,1
1679640492545,15,HTTP Request,200,OK,Thread Group 1-1,text,true,,112467,133,1,1,http://localhost:3000/?category=Java,14,0,0
1679640492560,14,HTTP Request,200,OK,Thread Group 1-1,text,true,,112467,133,1,1,http://localhost:3000/?category=Java,13,0,0
1679640492574,24,HTTP Request,200,OK,Thread Group 1-1,text,true,,112467,133,1,1,http://localhost:3000/?category=Java,23,0,0
1679640492598,15,HTTP Request,200,OK,Thread Group 1-1,text,true,,112467,133,1,1,http://localhost:3000/?category=Java,14,0,0
1679640492613,16,HTTP Request,200,OK,Thread Group 1-1,text,true,,112467,133,1,1,http://localhost:3000/?category=Java,15,0,0
1679640492629,16,HTTP Request,200,OK,Thread Group 1-1,text,true,,112467,133,1,1,http://localhost:3000/?category=Java,15,0,0
1679640492645,15,HTTP Request,200,OK,Thread Group 1-1,text,true,,112467,133,1,1,http://localhost:3000/?category=Java,14,0,0
1679640492660,14,HTTP Request,200,OK,Thread Group 1-1,text,true,,112467,133,1,1,http://localhost:3000/?category=Java,13,0,0
1679640492674,42,HTTP Request,200,OK,Thread Group 1-1,text,true,,112467,133,1,1,http://localhost:3000/?category=Java,41,0,0
1679640493532,16,HTTP Request,200,OK,Thread Group 1-2,text,true,,112467,133,1,1,http://localhost:3000/?category=Java,15,0,1
1679640493548,17,HTTP Request,200,OK,Thread Group 1-2,text,true,,112467,133,1,1,http://localhost:3000/?category=Java,16,0,0
1679640493565,52,HTTP Request,200,OK,Thread Group 1-2,text,true,,112467,133,1,1,http://localhost:3000/?category=Java,51,0,0
1679640493617,14,HTTP Request,200,OK,Thread Group 1-2,text,true,,112467,133,1,1,http://localhost:3000/?category=Java,14,0,0
1679640493631,16,HTTP Request,200,OK,Thread Group 1-2,text,true,,112467,133,1,1,http://localhost:3000/?category=Java,15,0,0
1679640493647,14,HTTP Request,200,OK,Thread Group 1-2,text,true,,112467,133,1,1,http://localhost:3000/?category=Java,13,0,0
1679640493661,14,HTTP Request,200,OK,Thread Group 1-2,text,true,,112467,133,1,1,http://localhost:3000/?category=Java,13,0,0
1679640493675,14,HTTP Request,200,OK,Thread Group 1-2,text,true,,112467,133,1,1,http://localhost:3000/?category=Java,13,0,0
1679640493689,21,HTTP Request,200,OK,Thread Group 1-2,text,true,,112467,133,1,1,http://localhost:3000/?category=Java,21,0,0
1679640493710,14,HTTP Request,200,OK,Thread Group 1-2,text,true,,112467,133,1,1,http://localhost:3000/?category=Java,13,0,0
1679640494524,15,HTTP Request,200,OK,Thread Group 1-3,text,true,,112467,133,1,1,http://localhost:3000/?category=Java,14,0,1
1679640494539,13,HTTP Request,200,OK,Thread Group 1-3,text,true,,112467,133,1,1,http://localhost:3000/?category=Java,13,0,0
1679640494552,14,HTTP Request,200,OK,Thread Group 1-3,text,true,,112467,133,1,1,http://localhost:3000/?category=Java,13,0,0
1679640494566,13,HTTP Request,200,OK,Thread Group 1-3,text,true,,112467,133,1,1,http://localhost:3000/?category=Java,12,0,0
1679640494579,13,HTTP Request,200,OK,Thread Group 1-3,text,true,,112467,133,1,1,http://localhost:3000/?category=Java,12,0,0
1679640494592,13,HTTP Request,200,OK,Thread Group 1-3,text,true,,112467,133,1,1,http://localhost:3000/?category=Java,12,0,0
1679640494605,13,HTTP Request,200,OK,Thread Group 1-3,text,true,,112467,133,1,1,http://localhost:3000/?category=Java,12,0,0
1679640494618,13,HTTP Request,200,OK,Thread Group 1-3,text,true,,112467,133,1,1,http://localhost:3000/?category=Java,13,0,0
1679640494632,15,HTTP Request,200,OK,Thread Group 1-3,text,true,,112467,133,1,1,http://localhost:3000/?category=Java,14,0,0
1679640494647,14,HTTP Request,200,OK,Thread Group 1-3,text,true,,112467,133,1,1,http://localhost:3000/?category=Java,13,0,0
1679640495524,17,HTTP Request,200,OK,Thread Group 1-4,text,true,,112467,133,1,1,http://localhost:3000/?category=Java,16,0,1
1679640495541,14,HTTP Request,200,OK,Thread Group 1-4,text,true,,112467,133,1,1,http://localhost:3000/?category=Java,13,0,0
1679640495555,14,HTTP Request,200,OK,Thread Group 1-4,text,true,,112467,133,1,1,http://localhost:3000/?category=Java,13,0,0
1679640495569,13,HTTP Request,200,OK,Thread Group 1-4,text,true,,112467,133,1,1,http://localhost:3000/?category=Java,12,0,0
1679640495582,33,HTTP Request,200,OK,Thread Group 1-4,text,true,,112467,133,1,1,http://localhost:3000/?category=Java,31,0,0
1679640495615,14,HTTP Request,200,OK,Thread Group 1-4,text,true,,112467,133,1,1,http://localhost:3000/?category=Java,13,0,0
1679640495629,14,HTTP Request,200,OK,Thread Group 1-4,text,true,,112467,133,1,1,http://localhost:3000/?category=Java,14,0,0
1679640495643,14,HTTP Request,200,OK,Thread Group 1-4,text,true,,112467,133,1,1,http://localhost:3000/?category=Java,13,0,0
1679640495657,13,HTTP Request,200,OK,Thread Group 1-4,text,true,,112467,133,1,1,http://localhost:3000/?category=Java,12,0,0
1679640495670,13,HTTP Request,200,OK,Thread Group 1-4,text,true,,112467,133,1,1,http://localhost:3000/?category=Java,12,0,0
1679640496524,15,HTTP Request,200,OK,Thread Group 1-5,text,true,,112467,133,1,1,http://localhost:3000/?category=Java,15,0,1
1679640496539,16,HTTP Request,200,OK,Thread Group 1-5,text,true,,112467,133,1,1,http://localhost:3000/?category=Java,15,0,0
1679640496555,12,HTTP Request,200,OK,Thread Group 1-5,text,true,,112467,133,1,1,http://localhost:3000/?category=Java,12,0,0
1679640496567,13,HTTP Request,200,OK,Thread Group 1-5,text,true,,112467,133,1,1,http://localhost:3000/?category=Java,13,0,0
1679640496580,12,HTTP Request,200,OK,Thread Group 1-5,text,true,,112467,133,1,1,http://localhost:3000/?category=Java,12,0,0
1679640496593,12,HTTP Request,200,OK,Thread Group 1-5,text,true,,112467,133,1,1,http://localhost:3000/?category=Java,11,0,0
1679640496605,13,HTTP Request,200,OK,Thread Group 1-5,text,true,,112467,133,1,1,http://localhost:3000/?category=Java,12,0,0
1679640496618,13,HTTP Request,200,OK,Thread Group 1-5,text,true,,112467,133,1,1,http://localhost:3000/?category=Java,12,0,0
1679640496631,14,HTTP Request,200,OK,Thread Group 1-5,text,true,,112467,133,1,1,http://localhost:3000/?category=Java,13,0,0
1679640496645,13,HTTP Request,200,OK,Thread Group 1-5,text,true,,112467,133,1,1,http://localhost:3000/?category=Java,12,0,0
1679640497525,16,HTTP Request,200,OK,Thread Group 1-6,text,true,,112467,133,1,1,http://localhost:3000/?category=Java,15,0,1
1679640497541,14,HTTP Request,200,OK,Thread Group 1-6,text,true,,112467,133,1,1,http://localhost:3000/?category=Java,13,0,0
1679640497555,15,HTTP Request,200,OK,Thread Group 1-6,text,true,,112467,133,1,1,http://localhost:3000/?category=Java,14,0,0
1679640497570,15,HTTP Request,200,OK,Thread Group 1-6,text,true,,112467,133,1,1,http://localhost:3000/?category=Java,14,0,0
1679640497585,13,HTTP Request,200,OK,Thread Group 1-6,text,true,,112467,133,1,1,http://localhost:3000/?category=Java,12,0,0
1679640497598,14,HTTP Request,200,OK,Thread Group 1-6,text,true,,112467,133,1,1,http://localhost:3000/?category=Java,13,0,0
1679640497612,13,HTTP Request,200,OK,Thread Group 1-6,text,true,,112467,133,1,1,http://localhost:3000/?category=Java,12,0,0
1679640497625,13,HTTP Request,200,OK,Thread Group 1-6,text,true,,112467,133,1,1,http://localhost:3000/?category=Java,13,0,0
1679640497639,15,HTTP Request,200,OK,Thread Group 1-6,text,true,,112467,133,1,1,http://localhost:3000/?category=Java,14,0,0
1679640497654,54,HTTP Request,200,OK,Thread Group 1-6,text,true,,112467,133,1,1,http://localhost:3000/?category=Java,53,0,0
1679640498534,16,HTTP Request,200,OK,Thread Group 1-7,text,true,,112467,133,1,1,http://localhost:3000/?category=Java,15,0,1
1679640498550,13,HTTP Request,200,OK,Thread Group 1-7,text,true,,112467,133,1,1,http://localhost:3000/?category=Java,12,0,0
1679640498563,13,HTTP Request,200,OK,Thread Group 1-7,text,true,,112467,133,1,1,http://localhost:3000/?category=Java,12,0,0
1679640498576,15,HTTP Request,200,OK,Thread Group 1-7,text,true,,112467,133,1,1,http://localhost:3000/?category=Java,14,0,0
1679640498591,13,HTTP Request,200,OK,Thread Group 1-7,text,true,,112467,133,1,1,http://localhost:3000/?category=Java,13,0,0
1679640498604,14,HTTP Request,200,OK,Thread Group 1-7,text,true,,112467,133,1,1,http://localhost:3000/?category=Java,13,0,0
1679640498618,14,HTTP Request,200,OK,Thread Group 1-7,text,true,,112467,133,1,1,http://localhost:3000/?category=Java,13,0,0
1679640498632,13,HTTP Request,200,OK,Thread Group 1-7,text,true,,112467,133,1,1,http://localhost:3000/?category=Java,12,0,0
1679640498645,15,HTTP Request,200,OK,Thread Group 1-7,text,true,,112467,133,1,1,http://localhost:3000/?category=Java,14,0,0
1679640498660,56,HTTP Request,200,OK,Thread Group 1-7,text,true,,112467,133,1,1,http://localhost:3000/?category=Java,55,0,0
1679640499526,16,HTTP Request,200,OK,Thread Group 1-8,text,true,,112467,133,1,1,http://localhost:3000/?category=Java,15,0,0
1679640499542,13,HTTP Request,200,OK,Thread Group 1-8,text,true,,112467,133,1,1,http://localhost:3000/?category=Java,12,0,0
1679640499555,13,HTTP Request,200,OK,Thread Group 1-8,text,true,,112467,133,1,1,http://localhost:3000/?category=Java,12,0,0
1679640499568,13,HTTP Request,200,OK,Thread Group 1-8,text,true,,112467,133,1,1,http://localhost:3000/?category=Java,12,0,0
1679640499581,13,HTTP Request,200,OK,Thread Group 1-8,text,true,,112467,133,1,1,http://localhost:3000/?category=Java,12,0,0
1679640499594,15,HTTP Request,200,OK,Thread Group 1-8,text,true,,112467,133,1,1,http://localhost:3000/?category=Java,14,0,0
1679640499609,14,HTTP Request,200,OK,Thread Group 1-8,text,true,,112467,133,1,1,http://localhost:3000/?category=Java,13,0,0
1679640499623,13,HTTP Request,200,OK,Thread Group 1-8,text,true,,112467,133,1,1,http://localhost:3000/?category=Java,13,0,0
1679640499636,13,HTTP Request,200,OK,Thread Group 1-8,text,true,,112467,133,1,1,http://localhost:3000/?category=Java,12,0,0
1679640499649,16,HTTP Request,200,OK,Thread Group 1-8,text,true,,112467,133,1,1,http://localhost:3000/?category=Java,15,0,0
1679640500526,17,HTTP Request,200,OK,Thread Group 1-9,text,true,,112467,133,1,1,http://localhost:3000/?category=Java,16,0,1
1679640500543,13,HTTP Request,200,OK,Thread Group 1-9,text,true,,112467,133,1,1,http://localhost:3000/?category=Java,12,0,0
1679640500556,13,HTTP Request,200,OK,Thread Group 1-9,text,true,,112467,133,1,1,http://localhost:3000/?category=Java,12,0,0
1679640500569,14,HTTP Request,200,OK,Thread Group 1-9,text,true,,112467,133,1,1,http://localhost:3000/?category=Java,13,0,0
1679640500583,12,HTTP Request,200,OK,Thread Group 1-9,text,true,,112467,133,1,1,http://localhost:3000/?category=Java,12,0,0
1679640500595,14,HTTP Request,200,OK,Thread Group 1-9,text,true,,112467,133,1,1,http://localhost:3000/?category=Java,13,0,0
1679640500609,14,HTTP Request,200,OK,Thread Group 1-9,text,true,,112467,133,1,1,http://localhost:3000/?category=Java,13,0,0
1679640500623,14,HTTP Request,200,OK,Thread Group 1-9,text,true,,112467,133,1,1,http://localhost:3000/?category=Java,14,0,0
1679640500637,14,HTTP Request,200,OK,Thread Group 1-9,text,true,,112467,133,1,1,http://localhost:3000/?category=Java,13,0,0
1679640500651,15,HTTP Request,200,OK,Thread Group 1-9,text,true,,112467,133,1,1,http://localhost:3000/?category=Java,15,0,0
1679640501527,14,HTTP Request,200,OK,Thread Group 1-10,text,true,,112467,133,1,1,http://localhost:3000/?category=Java,14,0,0
1679640501541,13,HTTP Request,200,OK,Thread Group 1-10,text,true,,112467,133,1,1,http://localhost:3000/?category=Java,13,0,0
1679640501555,12,HTTP Request,200,OK,Thread Group 1-10,text,true,,112467,133,1,1,http://localhost:3000/?category=Java,12,0,0
1679640501567,13,HTTP Request,200,OK,Thread Group 1-10,text,true,,112467,133,1,1,http://localhost:3000/?category=Java,12,0,0
1679640501580,12,HTTP Request,200,OK,Thread Group 1-10,text,true,,112467,133,1,1,http://localhost:3000/?category=Java,12,0,0
1679640501593,13,HTTP Request,200,OK,Thread Group 1-10,text,true,,112467,133,1,1,http://localhost:3000/?category=Java,12,0,0
1679640501606,13,HTTP Request,200,OK,Thread Group 1-10,text,true,,112467,133,1,1,http://localhost:3000/?category=Java,12,0,0
1679640501619,15,HTTP Request,200,OK,Thread Group 1-10,text,true,,112467,133,1,1,http://localhost:3000/?category=Java,14,0,0
1679640501634,15,HTTP Request,200,OK,Thread Group 1-10,text,true,,112467,133,1,1,http://localhost:3000/?category=Java,15,0,0
1679640501649,13,HTTP Request,200,OK,Thread Group 1-10,text,true,,112467,133,1,1,http://localhost:3000/?category=Java,13,0,0
1679640502527,16,HTTP Request,200,OK,Thread Group 1-11,text,true,,112467,133,1,1,http://localhost:3000/?category=Java,15,0,1
1679640502543,15,HTTP Request,200,OK,Thread Group 1-11,text,true,,112467,133,1,1,http://localhost:3000/?category=Java,14,0,0
1679640502558,13,HTTP Request,200,OK,Thread Group 1-11,text,true,,112467,133,1,1,http://localhost:3000/?category=Java,12,0,0
1679640502571,13,HTTP Request,200,OK,Thread Group 1-11,text,true,,112467,133,1,1,http://localhost:3000/?category=Java,12,0,0
1679640502584,25,HTTP Request,200,OK,Thread Group 1-11,text,true,,112467,133,1,1,http://localhost:3000/?category=Java,24,0,0
1679640502609,13,HTTP Request,200,OK,Thread Group 1-11,text,true,,112467,133,1,1,http://localhost:3000/?category=Java,13,0,0
1679640502622,15,HTTP Request,200,OK,Thread Group 1-11,text,true,,112467,133,1,1,http://localhost:3000/?category=Java,14,0,0
1679640502637,13,HTTP Request,200,OK,Thread Group 1-11,text,true,,112467,133,1,1,http://localhost:3000/?category=Java,12,0,0
1679640502650,16,HTTP Request,200,OK,Thread Group 1-11,text,true,,112467,133,1,1,http://localhost:3000/?category=Java,15,0,0
1679640502666,15,HTTP Request,200,OK,Thread Group 1-11,text,true,,112467,133,1,1,http://localhost:3000/?category=Java,14,0,0
1679640503526,16,HTTP Request,200,OK,Thread Group 1-12,text,true,,112467,133,1,1,http://localhost:3000/?category=Java,15,0,0
1679640503542,14,HTTP Request,200,OK,Thread Group 1-12,text,true,,112467,133,1,1,http://localhost:3000/?category=Java,13,0,0
1679640503556,13,HTTP Request,200,OK,Thread Group 1-12,text,true,,112467,133,1,1,http://localhost:3000/?category=Java,12,0,0
1679640503569,13,HTTP Request,200,OK,Thread Group 1-12,text,true,,112467,133,1,1,http://localhost:3000/?category=Java,12,0,0
1679640503582,13,HTTP Request,200,OK,Thread Group 1-12,text,true,,112467,133,1,1,http://localhost:3000/?category=Java,13,0,0
1679640503595,13,HTTP Request,200,OK,Thread Group 1-12,text,true,,112467,133,1,1,http://localhost:3000/?category=Java,13,0,0
1679640503608,14,HTTP Request,200,OK,Thread Group 1-12,text,true,,112467,133,1,1,http://localhost:3000/?category=Java,13,0,0
1679640503622,12,HTTP Request,200,OK,Thread Group 1-12,text,true,,112467,133,1,1,http://localhost:3000/?category=Java,11,0,0
1679640503634,13,HTTP Request,200,OK,Thread Group 1-12,text,true,,112467,133,1,1,http://localhost:3000/?category=Java,13,0,0
1679640503647,14,HTTP Request,200,OK,Thread Group 1-12,text,true,,112467,133,1,1,http://localhost:3000/?category=Java,13,0,0
