timeStamp,elapsed,label,responseCode,responseMessage,threadName,dataType,success,failureMessage,bytes,sentBytes,grpThreads,allThreads,URL,Latency,IdleTime,Connect
1679640336237,38,HTTP Request,200,OK,Thread Group 1-1,text,true,,425156,119,1,1,http://localhost:3000/,33,0,0
1679640336276,53,HTTP Request,200,OK,Thread Group 1-1,text,true,,425156,119,1,1,http://localhost:3000/,47,0,0
1679640336329,105,HTTP Request,200,OK,Thread Group 1-1,text,true,,425156,119,1,1,http://localhost:3000/,99,0,0
1679640336434,82,HTTP Request,200,OK,Thread Group 1-1,text,true,,425156,119,1,1,http://localhost:3000/,78,0,0
1679640336516,104,HTTP Request,200,OK,Thread Group 1-1,text,true,,425156,119,1,1,http://localhost:3000/,99,0,0
1679640336620,194,HTTP Request,200,OK,Thread Group 1-1,text,true,,425156,119,1,1,http://localhost:3000/,188,0,0
1679640336814,115,HTTP Request,200,OK,Thread Group 1-1,text,true,,425156,119,1,1,http://localhost:3000/,110,0,0
1679640336929,87,HTTP Request,200,OK,Thread Group 1-1,text,true,,425156,119,1,1,http://localhost:3000/,82,0,0
1679640337016,25,HTTP Request,200,OK,Thread Group 1-1,text,true,,425156,119,1,1,http://localhost:3000/,21,0,0
1679640337042,25,HTTP Request,200,OK,Thread Group 1-1,text,true,,425156,119,1,1,http://localhost:3000/,20,0,0
1679640337247,30,HTTP Request,200,OK,Thread Group 1-2,text,true,,425156,119,1,1,http://localhost:3000/,25,0,1
1679640337278,27,HTTP Request,200,OK,Thread Group 1-2,text,true,,425156,119,1,1,http://localhost:3000/,21,0,0
1679640337305,25,HTTP Request,200,OK,Thread Group 1-2,text,true,,425156,119,1,1,http://localhost:3000/,21,0,0
1679640337330,27,HTTP Request,200,OK,Thread Group 1-2,text,true,,425156,119,1,1,http://localhost:3000/,21,0,0
1679640337357,78,HTTP Request,200,OK,Thread Group 1-2,text,true,,425156,119,1,1,http://localhost:3000/,73,0,0
1679640337435,81,HTTP Request,200,OK,Thread Group 1-2,text,true,,425156,119,1,1,http://localhost:3000/,77,0,0
1679640337516,25,HTTP Request,200,OK,Thread Group 1-2,text,true,,425156,119,1,1,http://localhost:3000/,20,0,0
1679640337541,72,HTTP Request,200,OK,Thread Group 1-2,text,true,,425156,119,1,1,http://localhost:3000/,67,0,0
1679640337613,26,HTTP Request,200,OK,Thread Group 1-2,text,true,,425156,119,1,1,http://localhost:3000/,21,0,0
1679640337639,76,HTTP Request,200,OK,Thread Group 1-2,text,true,,425156,119,1,1,http://localhost:3000/,71,0,0
1679640338237,26,HTTP Request,200,OK,Thread Group 1-3,text,true,,425156,119,1,1,http://localhost:3000/,21,0,0
1679640338263,28,HTTP Request,200,OK,Thread Group 1-3,text,true,,425156,119,1,1,http://localhost:3000/,22,0,0
1679640338291,41,HTTP Request,200,OK,Thread Group 1-3,text,true,,425156,119,1,1,http://localhost:3000/,37,0,0
1679640338332,24,HTTP Request,200,OK,Thread Group 1-3,text,true,,425156,119,1,1,http://localhost:3000/,19,0,0
1679640338356,87,HTTP Request,200,OK,Thread Group 1-3,text,true,,425156,119,1,1,http://localhost:3000/,81,0,0
1679640338443,73,HTTP Request,200,OK,Thread Group 1-3,text,true,,425156,119,1,1,http://localhost:3000/,68,0,0
1679640338516,25,HTTP Request,200,OK,Thread Group 1-3,text,true,,425156,119,1,1,http://localhost:3000/,20,0,0
1679640338541,88,HTTP Request,200,OK,Thread Group 1-3,text,true,,425156,119,1,1,http://localhost:3000/,83,0,0
1679640338629,23,HTTP Request,200,OK,Thread Group 1-3,text,true,,425156,119,1,1,http://localhost:3000/,18,0,0
1679640338652,24,HTTP Request,200,OK,Thread Group 1-3,text,true,,425156,119,1,1,http://localhost:3000/,19,0,0
1679640339236,26,HTTP Request,200,OK,Thread Group 1-4,text,true,,425156,119,1,1,http://localhost:3000/,21,0,1
1679640339262,24,HTTP Request,200,OK,Thread Group 1-4,text,true,,425156,119,1,1,http://localhost:3000/,18,0,0
1679640339286,25,HTTP Request,200,OK,Thread Group 1-4,text,true,,425156,119,1,1,http://localhost:3000/,20,0,0
1679640339311,25,HTTP Request,200,OK,Thread Group 1-4,text,true,,425156,119,1,1,http://localhost:3000/,19,0,0
1679640339336,95,HTTP Request,200,OK,Thread Group 1-4,text,true,,425156,119,1,1,http://localhost:3000/,91,0,0
1679640339431,24,HTTP Request,200,OK,Thread Group 1-4,text,true,,425156,119,1,1,http://localhost:3000/,20,0,0
1679640339455,25,HTTP Request,200,OK,Thread Group 1-4,text,true,,425156,119,1,1,http://localhost:3000/,19,0,0
1679640339480,51,HTTP Request,200,OK,Thread Group 1-4,text,true,,425156,119,1,1,http://localhost:3000/,46,0,0
1679640339531,100,HTTP Request,200,OK,Thread Group 1-4,text,true,,425156,119,1,1,http://localhost:3000/,95,0,0
1679640339631,23,HTTP Request,200,OK,Thread Group 1-4,text,true,,425156,119,1,1,http://localhost:3000/,18,0,0
1679640340236,24,HTTP Request,200,OK,Thread Group 1-5,text,true,,425156,119,1,1,http://localhost:3000/,20,0,0
1679640340260,25,HTTP Request,200,OK,Thread Group 1-5,text,true,,425156,119,1,1,http://localhost:3000/,19,0,0
1679640340285,48,HTTP Request,200,OK,Thread Group 1-5,text,true,,425156,119,1,1,http://localhost:3000/,43,0,0
1679640340333,23,HTTP Request,200,OK,Thread Group 1-5,text,true,,425156,119,1,1,http://localhost:3000/,19,0,0
1679640340357,69,HTTP Request,200,OK,Thread Group 1-5,text,true,,425156,119,1,1,http://localhost:3000/,65,0,0
1679640340426,26,HTTP Request,200,OK,Thread Group 1-5,text,true,,425156,119,1,1,http://localhost:3000/,20,0,0
1679640340452,80,HTTP Request,200,OK,Thread Group 1-5,text,true,,425156,119,1,1,http://localhost:3000/,75,0,0
1679640340532,23,HTTP Request,200,OK,Thread Group 1-5,text,true,,425156,119,1,1,http://localhost:3000/,19,0,0
1679640340555,69,HTTP Request,200,OK,Thread Group 1-5,text,true,,425156,119,1,1,http://localhost:3000/,65,0,0
1679640340624,26,HTTP Request,200,OK,Thread Group 1-5,text,true,,425156,119,1,1,http://localhost:3000/,19,0,0
1679640341237,26,HTTP Request,200,OK,Thread Group 1-6,text,true,,425156,119,1,1,http://localhost:3000/,21,0,0
1679640341263,24,HTTP Request,200,OK,Thread Group 1-6,text,true,,425156,119,1,1,http://localhost:3000/,19,0,0
1679640341287,24,HTTP Request,200,OK,Thread Group 1-6,text,true,,425156,119,1,1,http://localhost:3000/,20,0,0
1679640341311,27,HTTP Request,200,OK,Thread Group 1-6,text,true,,425156,119,1,1,http://localhost:3000/,22,0,0
1679640341338,96,HTTP Request,200,OK,Thread Group 1-6,text,true,,425156,119,1,1,http://localhost:3000/,91,0,0
1679640341434,23,HTTP Request,200,OK,Thread Group 1-6,text,true,,425156,119,1,1,http://localhost:3000/,18,0,0
1679640341457,25,HTTP Request,200,OK,Thread Group 1-6,text,true,,425156,119,1,1,http://localhost:3000/,19,0,0
1679640341482,49,HTTP Request,200,OK,Thread Group 1-6,text,true,,425156,119,1,1,http://localhost:3000/,43,0,0
1679640341531,100,HTTP Request,200,OK,Thread Group 1-6,text,true,,425156,119,1,1,http://localhost:3000/,95,0,0
1679640341631,23,HTTP Request,200,OK,Thread Group 1-6,text,true,,425156,119,1,1,http://localhost:3000/,19,0,0
1679640342236,28,HTTP Request,200,OK,Thread Group 1-7,text,true,,425156,119,1,1,http://localhost:3000/,23,0,0
1679640342264,51,HTTP Request,200,OK,Thread Group 1-7,text,true,,425156,119,1,1,http://localhost:3000/,45,0,0
1679640342315,25,HTTP Request,200,OK,Thread Group 1-7,text,true,,425156,119,1,1,http://localhost:3000/,20,0,0
1679640342340,23,HTTP Request,200,OK,Thread Group 1-7,text,true,,425156,119,1,1,http://localhost:3000/,19,0,0
1679640342363,64,HTTP Request,200,OK,Thread Group 1-7,text,true,,425156,119,1,1,http://localhost:3000/,59,0,0
1679640342427,27,HTTP Request,200,OK,Thread Group 1-7,text,true,,425156,119,1,1,http://localhost:3000/,19,0,0
1679640342454,79,HTTP Request,200,OK,Thread Group 1-7,text,true,,425156,119,1,1,http://localhost:3000/,75,0,0
1679640342533,23,HTTP Request,200,OK,Thread Group 1-7,text,true,,425156,119,1,1,http://localhost:3000/,18,0,0
1679640342556,73,HTTP Request,200,OK,Thread Group 1-7,text,true,,425156,119,1,1,http://localhost:3000/,68,0,0
1679640342629,25,HTTP Request,200,OK,Thread Group 1-7,text,true,,425156,119,1,1,http://localhost:3000/,19,0,0
1679640343237,26,HTTP Request,200,OK,Thread Group 1-8,text,true,,425156,119,1,1,http://localhost:3000/,21,0,0
1679640343263,23,HTTP Request,200,OK,Thread Group 1-8,text,true,,425156,119,1,1,http://localhost:3000/,19,0,0
1679640343286,23,HTTP Request,200,OK,Thread Group 1-8,text,true,,425156,119,1,1,http://localhost:3000/,18,0,0
1679640343309,26,HTTP Request,200,OK,Thread Group 1-8,text,true,,425156,119,1,1,http://localhost:3000/,21,0,0
1679640343335,97,HTTP Request,200,OK,Thread Group 1-8,text,true,,425156,119,1,1,http://localhost:3000/,93,0,0
1679640343432,25,HTTP Request,200,OK,Thread Group 1-8,text,true,,425156,119,1,1,http://localhost:3000/,20,0,0
1679640343457,64,HTTP Request,200,OK,Thread Group 1-8,text,true,,425156,119,1,1,http://localhost:3000/,60,0,0
1679640343521,25,HTTP Request,200,OK,Thread Group 1-8,text,true,,425156,119,1,1,http://localhost:3000/,20,0,0
1679640343546,80,HTTP Request,200,OK,Thread Group 1-8,text,true,,425156,119,1,1,http://localhost:3000/,76,0,0
1679640343626,24,HTTP Request,200,OK,Thread Group 1-8,text,true,,425156,119,1,1,http://localhost:3000/,18,0,0
1679640344235,25,HTTP Request,200,OK,Thread Group 1-9,text,true,,425156,119,1,1,http://localhost:3000/,21,0,1
1679640344260,25,HTTP Request,200,OK,Thread Group 1-9,text,true,,425156,119,1,1,http://localhost:3000/,19,0,0
1679640344285,52,HTTP Request,200,OK,Thread Group 1-9,text,true,,425156,119,1,1,http://localhost:3000/,47,0,0
1679640344337,93,HTTP Request,200,OK,Thread Group 1-9,text,true,,425156,119,1,1,http://localhost:3000/,87,0,0
1679640344430,23,HTTP Request,200,OK,Thread Group 1-9,text,true,,425156,119,1,1,http://localhost:3000/,19,0,0
1679640344453,25,HTTP Request,200,OK,Thread Group 1-9,text,true,,425156,119,1,1,http://localhost:3000/,20,0,0
1679640344478,57,HTTP Request,200,OK,Thread Group 1-9,text,true,,425156,119,1,1,http://localhost:3000/,52,0,0
1679640344535,91,HTTP Request,200,OK,Thread Group 1-9,text,true,,425156,119,1,1,http://localhost:3000/,86,0,0
1679640344626,24,HTTP Request,200,OK,Thread Group 1-9,text,true,,425156,119,1,1,http://localhost:3000/,19,0,0
1679640344650,25,HTTP Request,200,OK,Thread Group 1-9,text,true,,425156,119,1,1,http://localhost:3000/,19,0,0
1679640345236,27,HTTP Request,200,OK,Thread Group 1-10,text,true,,425156,119,1,1,http://localhost:3000/,22,0,1
1679640345263,24,HTTP Request,200,OK,Thread Group 1-10,text,true,,425156,119,1,1,http://localhost:3000/,18,0,0
1679640345287,24,HTTP Request,200,OK,Thread Group 1-10,text,true,,425156,119,1,1,http://localhost:3000/,19,0,0
1679640345311,26,HTTP Request,200,OK,Thread Group 1-10,text,true,,425156,119,1,1,http://localhost:3000/,21,0,0
1679640345337,94,HTTP Request,200,OK,Thread Group 1-10,text,true,,425156,119,1,1,http://localhost:3000/,89,0,0
1679640345431,23,HTTP Request,200,OK,Thread Group 1-10,text,true,,425156,119,1,1,http://localhost:3000/,18,0,0
1679640345454,61,HTTP Request,200,OK,Thread Group 1-10,text,true,,425156,119,1,1,http://localhost:3000/,56,0,0
1679640345515,24,HTTP Request,200,OK,Thread Group 1-10,text,true,,425156,119,1,1,http://localhost:3000/,19,0,0
1679640345539,88,HTTP Request,200,OK,Thread Group 1-10,text,true,,425156,119,1,1,http://localhost:3000/,83,0,0
1679640345627,25,HTTP Request,200,OK,Thread Group 1-10,text,true,,425156,119,1,1,http://localhost:3000/,19,0,0
1679640346237,25,HTTP Request,200,OK,Thread Group 1-11,text,true,,425156,119,1,1,http://localhost:3000/,20,0,0
1679640346262,24,HTTP Request,200,OK,Thread Group 1-11,text,true,,425156,119,1,1,http://localhost:3000/,18,0,0
1679640346286,46,HTTP Request,200,OK,Thread Group 1-11,text,true,,425156,119,1,1,http://localhost:3000/,41,0,0
1679640346332,23,HTTP Request,200,OK,Thread Group 1-11,text,true,,425156,119,1,1,http://localhost:3000/,18,0,0
1679640346355,71,HTTP Request,200,OK,Thread Group 1-11,text,true,,425156,119,1,1,http://localhost:3000/,65,0,0
1679640346426,25,HTTP Request,200,OK,Thread Group 1-11,text,true,,425156,119,1,1,http://localhost:3000/,20,0,0
1679640346451,81,HTTP Request,200,OK,Thread Group 1-11,text,true,,425156,119,1,1,http://localhost:3000/,77,0,0
1679640346532,27,HTTP Request,200,OK,Thread Group 1-11,text,true,,425156,119,1,1,http://localhost:3000/,19,0,0
1679640346559,63,HTTP Request,200,OK,Thread Group 1-11,text,true,,425156,119,1,1,http://localhost:3000/,58,0,0
1679640346622,25,HTTP Request,200,OK,Thread Group 1-11,text,true,,425156,119,1,1,http://localhost:3000/,19,0,0
1679640347237,29,HTTP Request,200,OK,Thread Group 1-12,text,true,,425156,119,1,1,http://localhost:3000/,25,0,1
1679640347267,25,HTTP Request,200,OK,Thread Group 1-12,text,true,,425156,119,1,1,http://localhost:3000/,20,0,0
1679640347292,26,HTTP Request,200,OK,Thread Group 1-12,text,true,,425156,119,1,1,http://localhost:3000/,20,0,0
1679640347318,24,HTTP Request,200,OK,Thread Group 1-12,text,true,,425156,119,1,1,http://localhost:3000/,19,0,0
1679640347342,87,HTTP Request,200,OK,Thread Group 1-12,text,true,,425156,119,1,1,http://localhost:3000/,83,0,0
1679640347429,23,HTTP Request,200,OK,Thread Group 1-12,text,true,,425156,119,1,1,http://localhost:3000/,18,0,0
1679640347452,63,HTTP Request,200,OK,Thread Group 1-12,text,true,,425156,119,1,1,http://localhost:3000/,59,0,0
1679640347515,27,HTTP Request,200,OK,Thread Group 1-12,text,true,,425156,119,1,1,http://localhost:3000/,21,0,0
1679640347542,90,HTTP Request,200,OK,Thread Group 1-12,text,true,,425156,119,1,1,http://localhost:3000/,85,0,0
1679640347632,22,HTTP Request,200,OK,Thread Group 1-12,text,true,,425156,119,1,1,http://localhost:3000/,17,0,0
